5231
23352
23353
23354
31837
31838
31841
31842
31843
31844
31845
31846
36136
37943
39316
39320
39324
39327
39329
39333
39339
39717
39721
39726
39728
39730
39732
39804
42246
42247
42248
42254
42258
42260
42262
42266
48406
48533
60520
68618
68621
68625
68627
68631
68634
68643
68645
68648
68650
68652
68656
68659
68663
68665
68667
68669
68672
68674
68678
68686
68708
68711
68714
68716
68720
68722
68723
68725
68726
68727
68728
68729
68732
68733
68737
68740
68741
68743
68744
68746
68748
68750
68751
68753
68754
68756
68757
68758
68759
68760
68761
69117
69123
69128
69134
69146
69151
69478
69482
69484
69486
69489
69491
69492
69494
78936
79582
79583
79584
79585
79586
79588
79589
79590
79591
79592
85361
85362
85363
85364
85368
85370
85371
85372
85375
85377
85382
85384
85385
85394
85395
85396
85398
85399
85400
85402
85403
85404
85406
85408
85409
85410
85411
85412
85415
85417
85419
85420
85422
85423
85424
85425
85426
85427
85428
102759
102761
102762
102764
102765
102766
102767
102768
102769
102770
102771
102772
102773
102774
102775
102776
102777
112319
112320
112321
112322
112323
112324
112325
112326
112327
112330
112331
112332
112333
112334
112335
112336
112337
112338
112339
112340
112342
112343
112346
119458
119459
119460
119461
119462
119463
119464
119465
119466
119467
119468
119470
119471
119472
119473
119474
119475
119476
119477
119478
119479
119792
119793
119795
119796
119797
119798
119799
119800
119801
119802
119803
119804
119805
119806
119808
119810
119811
130662
131538
131544
132195
133135
133149
133174
133194
135081
135493
135494
135495
135496
135497
135498
135500
135501
135502
135503
135504
151070
153883
162511
162645
162702
162705
162706
164728
178385
190067
190069
190072
190073
190076
190081
190084
190085
190090
190093
190096
190097
190101
190105
190110
190112
190113
190114
190117
190118
190122
190123
190125
190127
190129
190131
190132
190135
190137
195411
207401
211608
213415
213418
213419
216081
220687
231484
231485
231487
231488
231489
231490
231492
231493
231494
231496
250469
251862
269894
276406
276860
276863
278041
281400
286152
286153
286154
286155
286157
286158
286159
286160
286162
286163
289173
289174
289185
289202
289301
290053
290062
294166
299906
318268
318277
318281
318289
318293
318298
318306
318315
318321
318330
320465
320474
320478
320489
320499
320507
320521
320533
320542
320563
320566
320570
320575
320624
320626
320716
320943
320950
320962
320980
320989
320995
321004
321011
323254
323559
323569
323644
323674
323689
323708
323722
323730
323735
324790
324796
324801
324803
324808
324815
324816
324827
324830
327076
327079
327088
332959
332968
332975
332982
332986
332990
332995
333003
333013
333023
333029
333055
333067
333072
333077
333080
333089
333093
333102
333110
333120
333132
333140
333148
333159
333168
333177
333189
334705
335164
335166
335177
335200
335203
335224
335233
335253
335277
335296
335322
335326
335332
337582
337613
337659
337678
337698
338250
338259
338269
338276
338280
338283
338286
338605
338608
338609
338611
338612
338614
338616
338617
340957
340959
340960
342923
342927
342942
342945
342949
342951
342953
342954
342973
342981
342983
342984
342985
342990
342991
342992
342994
342995
342996
342997
342998
342999
343000
343001
343002
343003
343004
345527
346728
355644
355645
357098
357116
357117
357119
357129
357131
357133
357139
363509
363538
363541
363543
363545
363548
363552
390200
390618
390639
391516
394888
394939
394943
394957
394960
394964
396007
396009
396020
396031
396036
396076
396094
396100
396102
396128
396139
398024
398232
398665
401852
401877
402692
405082
405100
405105
405107
405114
417635
419477
428369
428372
428375
428377
428378
428381
428382
428383
428384
428385
428386
428387
428389
428391
433095
436309
444117
444118
444119
444120
444121
444122
444123
444125
444126
444128
444129
444132
444134
444135
444136
444137
457270
457272
457274
457276
457279
457308
457319
457322
457328
457343
457353
457379
457401
457413
457417
457434
459727
461748
461749
461752
461753
461754
461755
461756
461757
461758
461759
461760
461761
461763
461765
461766
461767
471204
471263
471582
471654
472077
472078
475766
475767
475769
475770
475771
475801
476009
476014
476016
476018
476019
476020
476022
476024
476027
476028
476031
476033
476036
481871
481876
481884
481893
481992
482328
482444
482448
482451
482453
482466
482473
482490
482507
482514
482520
482526
482530
482539
482547
492157
492161
492163
492165
492166
504859
508173
508174
508181
508187
508192
508838
511482
511641
511811
511915
512053
512120
512905
512960
513171
513686
514225
514399
514547
514647
514747
515361
515371
517493
518623
518626
518628
518631
518633
518634
518635
518637
518638
518640
518641
518645
518646
518647
518684
518685
518691
518697
518703
518706
518707
518708
518709
518710
518714
518789
518794
518797
518798
518800
519280
519283
519288
519290
519293
519295
519297
519304
519306
519311
519313
519316
519318
519321
519324
519327
519330
519352
519513
519516
519523
519531
519539
519542
519545
519579
519582
519588
519605
519612
519619
519640
519645
519656
519658
519660
519665
519670
519684
519686
519693
519694
519695
519697
519700
519947
520942
521293
521296
521299
521301
521303
521306
521308
521312
521725
521731
521734
521738
521747
521766
521768
521772
522277
525397
525399
526522
526622
529781
535486
540777
540782
540783
540784
540785
540786
540787
540788
540789
540790
540791
540792
540793
540794
540795
540796
540797
540798
540799
540800
540801
542442
542443
542444
542445
542446
542447
542448
542449
542450
542451
542452
542453
542454
542455
542456
542457
542458
542459
542460
542461
545325
545326
545327
545328
545329
545330
545331
545333
545334
545336
545337
545338
545339
545340
545341
545342
545343
545344
545345
545346
546380
547156
547157
547158
547159
547160
547161
547162
547163
547164
547165
547166
547167
547168
547169
547170
547171
547172
547173
547174
547175
547176
547177
547178
547179
547180
547181
547182
547183
547184
547185
547186
547187
547188
547189
547190
547191
547192
547194
547195
548287
548355
549890
549891
549892
549893
549895
549896
549897
549898
549900
549901
549902
549903
549904
549905
549908
549909
549910
553277
553653
555025
555034
555042
555860
556165
562935
562938
563127
563193
563198
566429
568374
568468
572243
574130
574135
574136
574137
574138
576616
576646
578436
581512
581552
581728
582982
583078
583504
583531
583580
585858
585884
585916
585940
585956
586165
587366
588144
588170
589777
589788
589790
589791
589793
589794
589795
589796
589798
589799
589800
589801
589802
590675
590722
591839
591842
591845
591849
591850
591852
591854
591856
591859
591862
591864
591865
591866
591870
591873
591875
591876
591877
591879
591883
592791
592794
592799
592802
592805
592808
592811
592815
592816
595046
595047
595048
595049
595051
595052
595053
595054
595056
595057
595058
595059
595060
595061
595062
595063
595065
595066
595070
595145
595158
595196
595238
597040
597042
597043
597045
597048
597050
597051
597052
597054
597055
597056
597058
597059
597060
597061
597062
597063
597064
597066
597832
597842
597843
597844
597845
597846
597847
597848
597851
597853
597856
597857
597858
597860
597861
597862
597863
597871
597896
597904
597908
597913
597933
597939
597941
597943
597947
597956
597968
597974
598817
598954
599579
599581
599582
599583
599584
599585
599586
599587
599589
599593
599594
599595
599597
599598
599599
599600
599601
599602
599604
599607
602240
602243
602246
602253
602256
602267
602292
602317
602343
602353
602371
602396
602401
602422
602440
602461
602483
602496
602583
602665
602666
602667
602668
602669
602670
602671
602672
602673
602674
602675
602676
602677
602678
602679
602680
602681
602683
602684
602685
602686
602689
602690
602691
602692
602693
602694
603024
603025
603026
603027
603028
603030
603031
603033
603034
603035
603036
603037
603038
603039
603040
603041
603042
603043
603044
603045
603483
604809
604811
604812
604813
604814
604815
604816
604817
604818
604819
604821
604822
604823
604825
604826
604827
604829
604830
604831
609792
610310
610325
610418
615434
617221
617223
617224
617226
617227
617228
617229
617231
617233
617235
617237
617238
617239
617241
617242
617243
617244
617245
617246
617248
617249
